0.0 -0.15149686213879948 0.0
1.0 2.5873142663990945 0.0
2.0 5.326125394936988 0.0
3.0 8.064936523474882 0.0
4.0 10.803747652012776 0.0
5.0 13.542558780550669 0.0
6.0 16.281369909088564 0.0
7.0 19.020181037626458 0.0
8.0 21.75899216616435 0.0
9.0 24.497803294702244 0.0
10.0 27.236614423240137 0.0
11.0 29.97542555177803 0.0
12.0 32.71423668031593 0.0
13.0 35.45304780885382 0.0
14.0 38.191858937391714 0.0
15.0 40.930670065929604 1.0
16.0 43.6694811944675 0.0
17.0 46.4082923230054 412.0
18.0 49.14710345154329 1495.0
19.0 51.885914580081185 3075.0
20.0 54.624725708619074 25415.0
21.0 57.36353683715697 22995.0
22.0 60.10234796569486 797.0
23.0 62.84115909423276 947.0
24.0 65.57997022277065 9366.0
25.0 68.31878135130854 4282.0
26.0 71.05759247984643 578.0
27.0 73.79640360838434 403.0
28.0 76.53521473692223 384.0
29.0 79.27402586546012 356.0
30.0 82.01283699399801 369.0
31.0 84.75164812253591 339.0
32.0 87.4904592510738 340.0
33.0 90.22927037961169 309.0
34.0 92.9680815081496 307.0
35.0 95.70689263668748 337.0
36.0 98.44570376522537 329.0
37.0 101.18451489376326 311.0
38.0 103.92332602230117 315.0
39.0 106.66213715083906 298.0
40.0 109.40094827937695 309.0
41.0 112.13975940791485 313.0
42.0 114.87857053645274 328.0
43.0 117.61738166499063 305.0
44.0 120.35619279352852 301.0
45.0 123.09500392206643 323.0
46.0 125.83381505060431 292.0
47.0 128.57262617914222 305.0
48.0 131.3114373076801 270.0
49.0 134.050248436218 271.0
50.0 136.7890595647559 290.0
51.0 139.52787069329378 294.0
52.0 142.26668182183167 293.0
53.0 145.00549295036956 287.0
54.0 147.74430407890748 275.0
55.0 150.48311520744537 267.0
56.0 153.22192633598326 276.0
57.0 155.96073746452115 300.0
58.0 158.69954859305903 310.0
59.0 161.43835972159692 311.0
60.0 164.17717085013481 285.0
61.0 166.91598197867273 338.0
62.0 169.65479310721062 296.0
63.0 172.3936042357485 286.0
64.0 175.1324153642864 290.0
65.0 177.8712264928243 287.0
66.0 180.61003762136218 292.0
67.0 183.34884874990007 297.0
68.0 186.087659878438 258.0
69.0 188.82647100697588 295.0
70.0 191.56528213551377 248.0
71.0 194.30409326405166 279.0
72.0 197.04290439258955 260.0
73.0 199.78171552112744 265.0
74.0 202.52052664966533 247.0
75.0 205.25933777820325 265.0
76.0 207.99814890674114 245.0
77.0 210.73696003527903 254.0
78.0 213.47577116381692 248.0
79.0 216.2145822923548 275.0
80.0 218.9533934208927 222.0
81.0 221.69220454943058 230.0
82.0 224.4310156779685 255.0
83.0 227.1698268065064 246.0
84.0 229.90863793504428 230.0
85.0 232.64744906358217 229.0
86.0 235.38626019212006 254.0
87.0 238.12507132065795 257.0
88.0 240.86388244919584 244.0
89.0 243.60269357773376 247.0
90.0 246.34150470627165 246.0
91.0 249.08031583480954 243.0
92.0 251.81912696334743 242.0
93.0 254.55793809188532 201.0
94.0 257.29674922042324 236.0
95.0 260.0355603489611 233.0
96.0 262.774371477499 213.0
97.0 265.5131826060369 244.0
98.0 268.2519937345748 218.0
99.0 270.99080486311266 211.0
100.0 273.7296159916506 221.0
101.0 276.4684271201885 226.0
102.0 279.20723824872636 215.0
103.0 281.9460493772643 236.0
104.0 284.68486050580213 205.0
105.0 287.42367163434005 237.0
106.0 290.1624827628779 255.0
107.0 292.90129389141583 221.0
108.0 295.64010501995375 254.0
109.0 298.3789161484916 217.0
110.0 301.11772727702953 237.0
111.0 303.8565384055674 248.0
112.0 306.5953495341053 245.0
113.0 309.33416066264317 225.0
114.0 312.0729717911811 238.0
115.0 314.811782919719 234.0
116.0 317.55059404825687 266.0
117.0 320.2894051767948 250.0
118.0 323.02821630533265 262.0
119.0 325.76702743387057 242.0
120.0 328.5058385624084 250.0
121.0 331.24464969094635 268.0
122.0 333.98346081948426 256.0
123.0 336.7222719480221 297.0
124.0 339.46108307656004 273.0
125.0 342.1998942050979 270.0
126.0 344.9387053336358 281.0
127.0 347.6775164621737 320.0
128.0 350.4163275907116 319.0
129.0 353.1551387192495 302.0
130.0 355.8939498477874 327.0
131.0 358.6327609763253 279.0
132.0 361.37157210486316 282.0
133.0 364.1103832334011 288.0
134.0 366.84919436193894 290.0
135.0 369.58800549047686 288.0
136.0 372.3268166190148 284.0
137.0 375.06562774755264 201.0
138.0 377.80443887609056 180.0
139.0 380.5432500046284 174.0
140.0 383.28206113316634 178.0
141.0 386.0208722617042 165.0
142.0 388.7596833902421 142.0
143.0 391.49849451878003 128.0
144.0 394.2373056473179 150.0
145.0 396.9761167758558 155.0
146.0 399.7149279043937 158.0
147.0 402.4537390329316 130.0
148.0 405.19255016146946 133.0
149.0 407.9313612900074 148.0
150.0 410.6701724185453 139.0
151.0 413.40898354708315 115.0
152.0 416.14779467562107 117.0
153.0 418.88660580415893 111.0
154.0 421.62541693269685 101.0
155.0 424.3642280612347 124.0
156.0 427.10303918977263 100.0
157.0 429.84185031831055 112.0
158.0 432.5806614468484 104.0
159.0 435.3194725753863 117.0
160.0 438.0582837039242 93.0
161.0 440.7970948324621 87.0
162.0 443.53590596099997 86.0
163.0 446.2747170895379 77.0
164.0 449.0135282180758 93.0
165.0 451.75233934661367 94.0
166.0 454.4911504751516 86.0
167.0 457.22996160368945 86.0
168.0 459.96877273222736 76.0
169.0 462.7075838607652 73.0
170.0 465.44639498930314 79.0
171.0 468.18520611784106 85.0
172.0 470.9240172463789 69.0
173.0 473.66282837491684 72.0
174.0 476.4016395034547 56.0
175.0 479.1404506319926 67.0
176.0 481.8792617605305 63.0
177.0 484.6180728890684 78.0
178.0 487.3568840176063 62.0
179.0 490.0956951461442 68.0
180.0 492.8345062746821 69.0
181.0 495.57331740321996 79.0
182.0 498.3121285317579 82.0
183.0 501.05093966029574 69.0
184.0 503.78975078883366 58.0
185.0 506.5285619173716 60.0
186.0 509.26737304590944 63.0
187.0 512.0061841744473 58.0
188.0 514.7449953029852 59.0
189.0 517.483806431523 69.0
190.0 520.2226175600609 78.0
191.0 522.9614286885989 52.0
192.0 525.7002398171368 74.0
193.0 528.4390509456747 66.0
194.0 531.1778620742125 59.0
195.0 533.9166732027504 67.0
196.0 536.6554843312883 77.0
197.0 539.3942954598263 60.0
198.0 542.1331065883641 72.0
199.0 544.871917716902 66.0
200.0 547.6107288454399 515.0
201.0 550.3495399739778 3088.0
202.0 553.0883511025157 301.0
203.0 555.8271622310535 55.0
204.0 558.5659733595915 57.0
205.0 561.3047844881294 39.0
206.0 564.0435956166673 58.0
207.0 566.7824067452052 53.0
208.0 569.521217873743 58.0
209.0 572.2600290022809 66.0
210.0 574.9988401308188 51.0
211.0 577.7376512593568 50.0
212.0 580.4764623878946 62.0
213.0 583.2152735164325 44.0
214.0 585.9540846449704 48.0
215.0 588.6928957735083 54.0
216.0 591.4317069020462 70.0
217.0 594.170518030584 63.0
218.0 596.909329159122 68.0
219.0 599.6481402876599 50.0
220.0 602.3869514161978 58.0
221.0 605.1257625447357 55.0
222.0 607.8645736732735 48.0
223.0 610.6033848018114 48.0
224.0 613.3421959303494 44.0
225.0 616.0810070588873 62.0
226.0 618.8198181874251 55.0
227.0 621.558629315963 74.0
228.0 624.2974404445009 78.0
229.0 627.0362515730388 70.0
230.0 629.7750627015768 49.0
231.0 632.5138738301146 60.0
232.0 635.2526849586525 59.0
233.0 637.9914960871904 57.0
234.0 640.7303072157283 70.0
235.0 643.4691183442662 66.0
236.0 646.207929472804 51.0
237.0 648.946740601342 57.0
238.0 651.6855517298799 52.0
239.0 654.4243628584178 50.0
240.0 657.1631739869556 64.0
241.0 659.9019851154935 64.0
242.0 662.6407962440314 55.0
243.0 665.3796073725694 60.0
244.0 668.1184185011073 56.0
245.0 670.8572296296451 50.0
246.0 673.596040758183 55.0
247.0 676.3348518867209 50.0
248.0 679.0736630152588 78.0
249.0 681.8124741437967 55.0
250.0 684.5512852723346 68.0
251.0 687.2900964008725 61.0
252.0 690.0289075294104 63.0
253.0 692.7677186579483 47.0
254.0 695.5065297864861 52.0
255.0 698.245340915024 75.0
256.0 700.984152043562 61.0
257.0 703.7229631720999 65.0
258.0 706.4617743006378 61.0
259.0 709.2005854291756 57.0
260.0 711.9393965577135 65.0
261.0 714.6782076862514 69.0
262.0 717.4170188147893 55.0
263.0 720.1558299433271 69.0
264.0 722.8946410718651 64.0
265.0 725.633452200403 65.0
266.0 728.3722633289409 77.0
267.0 731.1110744574788 71.0
268.0 733.8498855860166 65.0
269.0 736.5886967145545 74.0
270.0 739.3275078430925 65.0
271.0 742.0663189716304 72.0
272.0 744.8051301001683 67.0
273.0 747.5439412287061 76.0
274.0 750.282752357244 85.0
275.0 753.0215634857819 77.0
276.0 755.7603746143199 75.0
277.0 758.4991857428577 78.0
278.0 761.2379968713956 86.0
279.0 763.9768079999335 70.0
280.0 766.7156191284714 84.0
281.0 769.4544302570093 87.0
282.0 772.1932413855471 57.0
283.0 774.9320525140851 91.0
284.0 777.670863642623 80.0
285.0 780.4096747711609 85.0
286.0 783.1484858996988 78.0
287.0 785.8872970282366 66.0
288.0 788.6261081567745 71.0
289.0 791.3649192853125 93.0
290.0 794.1037304138504 85.0
291.0 796.8425415423882 108.0
292.0 799.5813526709261 81.0
293.0 802.320163799464 93.0
294.0 805.0589749280019 91.0
295.0 807.7977860565398 95.0
296.0 810.5365971850777 105.0
297.0 813.2754083136156 88.0
298.0 816.0142194421535 107.0
299.0 818.7530305706914 106.0
300.0 821.4918416992293 122.0
301.0 824.2306528277671 116.0
302.0 826.969463956305 112.0
303.0 829.708275084843 95.0
304.0 832.4470862133809 91.0
305.0 835.1858973419187 98.0
306.0 837.9247084704566 89.0
307.0 840.6635195989945 75.0
308.0 843.4023307275324 62.0
309.0 846.1411418560704 49.0
310.0 848.8799529846082 40.0
311.0 851.6187641131461 43.0
312.0 854.357575241684 42.0
313.0 857.0963863702219 36.0
314.0 859.8351974987598 38.0
315.0 862.5740086272976 30.0
316.0 865.3128197558356 49.0
317.0 868.0516308843735 42.0
318.0 870.7904420129114 36.0
319.0 873.5292531414492 41.0
320.0 876.2680642699871 31.0
321.0 879.006875398525 42.0
322.0 881.745686527063 38.0
323.0 884.4844976556009 30.0
324.0 887.2233087841387 26.0
325.0 889.9621199126766 39.0
326.0 892.7009310412145 22.0
327.0 895.4397421697524 40.0
328.0 898.1785532982904 30.0
329.0 900.9173644268282 28.0
330.0 903.6561755553661 25.0
331.0 906.394986683904 28.0
332.0 909.1337978124419 32.0
333.0 911.8726089409797 26.0
334.0 914.6114200695176 21.0
335.0 917.3502311980556 18.0
336.0 920.0890423265935 17.0
337.0 922.8278534551314 22.0
338.0 925.5666645836692 18.0
339.0 928.3054757122071 20.0
340.0 931.044286840745 11.0
341.0 933.783097969283 11.0
342.0 936.5219090978209 12.0
343.0 939.2607202263587 10.0
344.0 941.9995313548966 14.0
345.0 944.7383424834345 7.0
346.0 947.4771536119724 10.0
347.0 950.2159647405102 14.0
348.0 952.9547758690481 9.0
349.0 955.6935869975861 12.0
350.0 958.432398126124 8.0
351.0 961.1712092546619 7.0
352.0 963.9100203831997 11.0
353.0 966.6488315117376 5.0
354.0 969.3876426402755 9.0
355.0 972.1264537688135 10.0
356.0 974.8652648973514 12.0
357.0 977.6040760258892 4.0
358.0 980.3428871544271 6.0
359.0 983.081698282965 9.0
360.0 985.8205094115029 8.0
361.0 988.5593205400407 9.0
362.0 991.2981316685787 6.0
363.0 994.0369427971166 9.0
364.0 996.7757539256545 7.0
365.0 999.5145650541924 7.0
366.0 1002.2533761827302 12.0
367.0 1004.9921873112681 3.0
368.0 1007.7309984398061 9.0
369.0 1010.469809568344 6.0
370.0 1013.2086206968819 11.0
371.0 1015.9474318254197 8.0
372.0 1018.6862429539576 9.0
373.0 1021.4250540824955 8.0
374.0 1024.1638652110335 9.0
375.0 1026.9026763395714 13.0
376.0 1029.6414874681093 7.0
377.0 1032.3802985966472 6.0
378.0 1035.119109725185 7.0
379.0 1037.8579208537228 8.0
380.0 1040.5967319822607 9.0
381.0 1043.3355431107987 12.0
382.0 1046.0743542393366 22.0
383.0 1048.8131653678745 463.0
384.0 1051.5519764964124 668.0
385.0 1054.2907876249503 21.0
386.0 1057.0295987534882 8.0
387.0 1059.768409882026 3.0
388.0 1062.5072210105639 5.0
389.0 1065.2460321391018 3.0
390.0 1067.9848432676397 6.0
391.0 1070.7236543961776 4.0
392.0 1073.4624655247155 8.0
393.0 1076.2012766532534 7.0
394.0 1078.9400877817914 7.0
395.0 1081.6788989103293 11.0
396.0 1084.417710038867 9.0
397.0 1087.156521167405 4.0
398.0 1089.8953322959428 4.0
399.0 1092.6341434244807 6.0
400.0 1095.3729545530186 7.0
401.0 1098.1117656815566 5.0
402.0 1100.8505768100945 4.0
403.0 1103.5893879386324 6.0
404.0 1106.3281990671703 6.0
405.0 1109.067010195708 6.0
406.0 1111.805821324246 6.0
407.0 1114.5446324527838 3.0
408.0 1117.2834435813218 4.0
409.0 1120.0222547098597 4.0
410.0 1122.7610658383976 6.0
411.0 1125.4998769669355 9.0
412.0 1128.2386880954734 6.0
413.0 1130.9774992240114 6.0
414.0 1133.7163103525493 4.0
415.0 1136.455121481087 5.0
416.0 1139.1939326096249 6.0
417.0 1141.9327437381628 3.0
418.0 1144.6715548667007 7.0
419.0 1147.4103659952386 3.0
420.0 1150.1491771237766 3.0
421.0 1152.8879882523145 4.0
422.0 1155.6267993808524 7.0
423.0 1158.3656105093903 9.0
424.0 1161.104421637928 7.0
425.0 1163.843232766466 3.0
426.0 1166.5820438950038 5.0
427.0 1169.3208550235418 5.0
428.0 1172.0596661520797 3.0
429.0 1174.7984772806176 5.0
430.0 1177.5372884091555 6.0
431.0 1180.2760995376934 1.0
432.0 1183.0149106662313 7.0
433.0 1185.753721794769 8.0
434.0 1188.492532923307 4.0
435.0 1191.2313440518449 6.0
436.0 1193.9701551803828 7.0
437.0 1196.7089663089207 7.0
438.0 1199.4477774374586 6.0
439.0 1202.1865885659965 4.0
440.0 1204.9253996945345 6.0
441.0 1207.6642108230724 4.0
442.0 1210.4030219516103 3.0
443.0 1213.141833080148 5.0
444.0 1215.880644208686 5.0
445.0 1218.6194553372238 7.0
446.0 1221.3582664657617 1.0
447.0 1224.0970775942997 5.0
448.0 1226.8358887228376 7.0
449.0 1229.5746998513755 5.0
450.0 1232.3135109799134 4.0
451.0 1235.0523221084513 5.0
452.0 1237.791133236989 4.0
453.0 1240.529944365527 3.0
454.0 1243.2687554940649 1.0
455.0 1246.0075666226028 7.0
456.0 1248.7463777511407 1.0
457.0 1251.4851888796786 8.0
458.0 1254.2240000082165 3.0
459.0 1256.9628111367545 4.0
460.0 1259.7016222652924 7.0
461.0 1262.44043339383 7.0
462.0 1265.179244522368 8.0
463.0 1267.918055650906 4.0
464.0 1270.6568667794438 2.0
465.0 1273.3956779079817 6.0
466.0 1276.1344890365197 4.0
467.0 1278.8733001650576 5.0
468.0 1281.6121112935955 4.0
469.0 1284.3509224221334 3.0
470.0 1287.0897335506713 3.0
471.0 1289.828544679209 4.0
472.0 1292.567355807747 6.0
473.0 1295.3061669362849 3.0
474.0 1298.0449780648228 4.0
475.0 1300.7837891933607 3.0
476.0 1303.5226003218986 6.0
477.0 1306.2614114504365 7.0
478.0 1309.0002225789744 6.0
479.0 1311.7390337075124 3.0
480.0 1314.47784483605 5.0
481.0 1317.216655964588 4.0
482.0 1319.955467093126 1.0
483.0 1322.6942782216638 5.0
484.0 1325.4330893502017 5.0
485.0 1328.1719004787396 4.0
486.0 1330.9107116072776 8.0
487.0 1333.6495227358155 3.0
488.0 1336.3883338643534 3.0
489.0 1339.127144992891 6.0
490.0 1341.865956121429 1.0
491.0 1344.604767249967 2.0
492.0 1347.3435783785048 5.0
493.0 1350.0823895070428 7.0
494.0 1352.8212006355807 1.0
495.0 1355.5600117641186 4.0
496.0 1358.2988228926565 4.0
497.0 1361.0376340211944 2.0
498.0 1363.7764451497324 2.0
499.0 1366.51525627827 2.0
500.0 1369.254067406808 7.0
501.0 1371.9928785353459 5.0
502.0 1374.7316896638838 6.0
503.0 1377.4705007924217 2.0
504.0 1380.2093119209596 5.0
505.0 1382.9481230494976 7.0
506.0 1385.6869341780355 1.0
507.0 1388.4257453065734 10.0
508.0 1391.164556435111 12.0
509.0 1393.903367563649 3.0
510.0 1396.642178692187 6.0
511.0 1399.3809898207248 6.0
512.0 1402.1198009492628 4.0
513.0 1404.8586120778007 7.0
514.0 1407.5974232063386 6.0
515.0 1410.3362343348765 6.0
516.0 1413.0750454634144 6.0
517.0 1415.8138565919521 6.0
518.0 1418.55266772049 7.0
519.0 1421.291478849028 5.0
520.0 1424.0302899775659 1.0
521.0 1426.7691011061038 3.0
522.0 1429.5079122346417 1.0
523.0 1432.2467233631796 4.0
524.0 1434.9855344917175 4.0
525.0 1437.7243456202555 2.0
526.0 1440.4631567487932 6.0
527.0 1443.201967877331 4.0
528.0 1445.940779005869 5.0
529.0 1448.679590134407 4.0
530.0 1451.4184012629448 1.0
531.0 1454.1572123914827 3.0
532.0 1456.8960235200207 3.0
533.0 1459.6348346485586 3.0
534.0 1462.3736457770965 2.0
535.0 1465.1124569056344 1.0
536.0 1467.851268034172 5.0
537.0 1470.59007916271 2.0
538.0 1473.328890291248 4.0
539.0 1476.0677014197859 3.0
540.0 1478.8065125483238 2.0
541.0 1481.5453236768617 2.0
542.0 1484.2841348053996 2.0
543.0 1487.0229459339375 6.0
544.0 1489.7617570624755 5.0
545.0 1492.5005681910131 7.0
546.0 1495.239379319551 3.0
547.0 1497.978190448089 5.0
548.0 1500.717001576627 5.0
549.0 1503.4558127051648 3.0
550.0 1506.1946238337027 5.0
551.0 1508.9334349622407 5.0
552.0 1511.6722460907786 4.0
553.0 1514.4110572193165 5.0
554.0 1517.1498683478542 5.0
555.0 1519.888679476392 2.0
556.0 1522.62749060493 4.0
557.0 1525.366301733468 4.0
558.0 1528.1051128620059 3.0
559.0 1530.8439239905438 2.0
560.0 1533.5827351190817 5.0
561.0 1536.3215462476196 1.0
562.0 1539.0603573761575 3.0
563.0 1541.7991685046954 1.0
564.0 1544.5379796332331 2.0
565.0 1547.276790761771 1.0
566.0 1550.015601890309 4.0
567.0 1552.754413018847 4.0
568.0 1555.4932241473848 3.0
569.0 1558.2320352759227 3.0
570.0 1560.9708464044606 1.0
571.0 1563.7096575329986 2.0
572.0 1566.4484686615365 1.0
573.0 1569.1872797900742 2.0
574.0 1571.926090918612 1.0
575.0 1574.66490204715 4.0
576.0 1577.403713175688 3.0
577.0 1580.1425243042258 1.0
578.0 1582.8813354327638 0.0
579.0 1585.6201465613017 1.0
580.0 1588.3589576898396 2.0
581.0 1591.0977688183775 1.0
582.0 1593.8365799469152 1.0
583.0 1596.5753910754531 1.0
584.0 1599.314202203991 1.0
585.0 1602.053013332529 0.0
586.0 1604.7918244610669 1.0
587.0 1607.5306355896048 0.0
588.0 1610.2694467181427 1.0
589.0 1613.0082578466806 9.0
590.0 1615.7470689752186 3.0
591.0 1618.4858801037565 0.0
592.0 1621.2246912322942 1.0
593.0 1623.963502360832 0.0
594.0 1626.70231348937 0.0
595.0 1629.441124617908 4.0
596.0 1632.1799357464458 1.0
597.0 1634.9187468749838 0.0
598.0 1637.6575580035217 0.0
599.0 1640.3963691320596 0.0
600.0 1643.1351802605975 0.0
601.0 1645.8739913891352 0.0
602.0 1648.6128025176731 1.0
603.0 1651.351613646211 0.0
604.0 1654.090424774749 1.0
605.0 1656.8292359032869 0.0
606.0 1659.5680470318248 0.0
607.0 1662.3068581603627 1.0
608.0 1665.0456692889006 0.0
609.0 1667.7844804174385 0.0
610.0 1670.5232915459762 0.0
611.0 1673.2621026745142 0.0
612.0 1676.000913803052 1.0
613.0 1678.73972493159 0.0
614.0 1681.478536060128 2.0
615.0 1684.2173471886658 0.0
616.0 1686.9561583172037 0.0
617.0 1689.6949694457417 0.0
618.0 1692.4337805742796 1.0
619.0 1695.1725917028175 0.0
620.0 1697.9114028313552 1.0
621.0 1700.650213959893 0.0
622.0 1703.389025088431 0.0
623.0 1706.127836216969 0.0
624.0 1708.8666473455069 0.0
625.0 1711.6054584740448 0.0
626.0 1714.3442696025827 0.0
627.0 1717.0830807311206 0.0
628.0 1719.8218918596585 2.0
629.0 1722.5607029881962 1.0
630.0 1725.2995141167341 1.0
631.0 1728.038325245272 1.0
632.0 1730.77713637381 0.0
633.0 1733.515947502348 0.0
634.0 1736.2547586308858 0.0
635.0 1738.9935697594237 0.0
636.0 1741.7323808879617 3.0
637.0 1744.4711920164996 0.0
638.0 1747.2100031450373 12.0
639.0 1749.9488142735752 39.0
640.0 1752.687625402113 5.0
641.0 1755.426436530651 0.0
642.0 1758.165247659189 0.0
643.0 1760.9040587877269 1.0
644.0 1763.6428699162648 0.0
645.0 1766.3816810448027 0.0
646.0 1769.1204921733406 0.0
647.0 1771.8593033018783 0.0
648.0 1774.5981144304162 1.0
649.0 1777.3369255589541 1.0
650.0 1780.075736687492 1.0
651.0 1782.81454781603 0.0
652.0 1785.553358944568 0.0
653.0 1788.2921700731058 0.0
654.0 1791.0309812016437 0.0
655.0 1793.7697923301816 2.0
656.0 1796.5086034587196 0.0
657.0 1799.2474145872573 0.0
658.0 1801.9862257157952 0.0
659.0 1804.725036844333 0.0
660.0 1807.463847972871 1.0
661.0 1810.202659101409 1.0
662.0 1812.9414702299468 0.0
663.0 1815.6802813584848 0.0
664.0 1818.4190924870227 0.0
665.0 1821.1579036155606 1.0
666.0 1823.8967147440983 1.0
667.0 1826.6355258726362 1.0
668.0 1829.3743370011741 0.0
669.0 1832.113148129712 0.0
670.0 1834.85195925825 0.0
671.0 1837.5907703867879 0.0
672.0 1840.3295815153258 0.0
673.0 1843.0683926438637 0.0
674.0 1845.8072037724016 0.0
675.0 1848.5460149009393 0.0
676.0 1851.2848260294772 0.0
677.0 1854.0236371580152 0.0
678.0 1856.762448286553 0.0
679.0 1859.501259415091 0.0
680.0 1862.240070543629 0.0
681.0 1864.9788816721668 0.0
682.0 1867.7176928007048 1.0
683.0 1870.4565039292427 0.0
684.0 1873.1953150577806 0.0
685.0 1875.9341261863183 0.0
686.0 1878.6729373148562 0.0
687.0 1881.4117484433941 2.0
688.0 1884.150559571932 0.0
689.0 1886.88937070047 0.0
690.0 1889.6281818290079 0.0
691.0 1892.3669929575458 1.0
692.0 1895.1058040860837 0.0
693.0 1897.8446152146216 0.0
694.0 1900.5834263431593 0.0
695.0 1903.3222374716972 0.0
696.0 1906.0610486002352 0.0
697.0 1908.799859728773 0.0
698.0 1911.538670857311 0.0
699.0 1914.277481985849 0.0
700.0 1917.0162931143868 0.0
701.0 1919.7551042429247 0.0
702.0 1922.4939153714627 0.0
703.0 1925.2327265000004 1.0
704.0 1927.9715376285383 0.0
705.0 1930.7103487570762 0.0
706.0 1933.449159885614 1.0
707.0 1936.187971014152 0.0
708.0 1938.92678214269 0.0
709.0 1941.6655932712279 0.0
710.0 1944.4044043997658 1.0
711.0 1947.1432155283037 0.0
712.0 1949.8820266568416 0.0
713.0 1952.6208377853793 0.0
714.0 1955.3596489139172 0.0
715.0 1958.0984600424551 0.0
716.0 1960.837271170993 0.0
717.0 1963.576082299531 0.0
718.0 1966.314893428069 0.0
719.0 1969.0537045566068 0.0
720.0 1971.7925156851447 0.0
721.0 1974.5313268136827 0.0
722.0 1977.2701379422203 0.0
723.0 1980.0089490707583 0.0
724.0 1982.7477601992962 1.0
725.0 1985.486571327834 0.0
726.0 1988.225382456372 0.0
727.0 1990.96419358491 0.0
728.0 1993.7030047134479 0.0
729.0 1996.4418158419858 0.0
730.0 1999.1806269705237 1.0
731.0 2001.9194380990614 0.0
732.0 2004.6582492275993 0.0
733.0 2007.3970603561372 0.0
734.0 2010.1358714846751 0.0
735.0 2012.874682613213 0.0
736.0 2015.613493741751 0.0
737.0 2018.352304870289 0.0
738.0 2021.0911159988268 0.0
739.0 2023.8299271273647 0.0
740.0 2026.5687382559026 0.0
741.0 2029.3075493844403 0.0
742.0 2032.0463605129783 0.0
743.0 2034.7851716415162 0.0
744.0 2037.523982770054 0.0
745.0 2040.262793898592 0.0
746.0 2043.00160502713 0.0
747.0 2045.7404161556678 0.0
748.0 2048.479227284206 0.0
749.0 2051.2180384127437 0.0
750.0 2053.956849541282 0.0
751.0 2056.6956606698195 0.0
752.0 2059.4344717983577 0.0
753.0 2062.1732829268954 0.0
754.0 2064.9120940554335 0.0
755.0 2067.650905183971 0.0
756.0 2070.389716312509 0.0
757.0 2073.128527441047 0.0
758.0 2075.8673385695847 0.0
759.0 2078.606149698123 0.0
760.0 2081.3449608266606 2.0
761.0 2084.0837719551987 0.0
762.0 2086.8225830837364 0.0
763.0 2089.5613942122745 0.0
764.0 2092.300205340812 0.0
765.0 2095.03901646935 0.0
766.0 2097.777827597888 0.0
767.0 2100.5166387264258 0.0
768.0 2103.255449854964 0.0
769.0 2105.9942609835016 0.0
770.0 2108.7330721120397 0.0
771.0 2111.4718832405774 1.0
772.0 2114.2106943691156 0.0
773.0 2116.9495054976533 0.0
774.0 2119.688316626191 0.0
775.0 2122.427127754729 0.0
776.0 2125.165938883267 0.0
777.0 2127.904750011805 0.0
778.0 2130.6435611403426 0.0
779.0 2133.3823722688808 0.0
780.0 2136.1211833974185 0.0
781.0 2138.8599945259566 0.0
782.0 2141.5988056544943 0.0
783.0 2144.337616783032 0.0
784.0 2147.07642791157 0.0
785.0 2149.815239040108 0.0
786.0 2152.554050168646 0.0
787.0 2155.2928612971837 0.0
788.0 2158.031672425722 0.0
789.0 2160.7704835542595 0.0
790.0 2163.5092946827976 0.0
791.0 2166.2481058113353 0.0
792.0 2168.986916939873 0.0
793.0 2171.725728068411 0.0
794.0 2174.464539196949 0.0
795.0 2177.203350325487 0.0
796.0 2179.9421614540247 0.0
797.0 2182.680972582563 0.0
798.0 2185.4197837111005 0.0
799.0 2188.1585948396387 0.0
800.0 2190.8974059681764 0.0
801.0 2193.636217096714 0.0
802.0 2196.375028225252 0.0
803.0 2199.11383935379 0.0
804.0 2201.852650482328 0.0
805.0 2204.5914616108657 0.0
806.0 2207.330272739404 0.0
807.0 2210.0690838679416 0.0
808.0 2212.8078949964797 0.0
809.0 2215.5467061250174 0.0
810.0 2218.285517253555 0.0
811.0 2221.0243283820932 0.0
812.0 2223.763139510631 0.0
813.0 2226.501950639169 0.0
814.0 2229.2407617677068 0.0
815.0 2231.979572896245 0.0
816.0 2234.7183840247826 0.0
817.0 2237.4571951533208 0.0
818.0 2240.1960062818584 0.0
819.0 2242.9348174103966 0.0
820.0 2245.6736285389343 0.0
821.0 2248.412439667472 0.0
822.0 2251.15125079601 0.0
823.0 2253.890061924548 0.0
824.0 2256.628873053086 0.0
825.0 2259.3676841816236 0.0
826.0 2262.106495310162 0.0
827.0 2264.8453064386995 0.0
828.0 2267.5841175672376 0.0
829.0 2270.3229286957753 0.0
830.0 2273.061739824313 0.0
831.0 2275.800550952851 0.0
832.0 2278.539362081389 0.0
833.0 2281.278173209927 0.0
834.0 2284.0169843384647 0.0
835.0 2286.755795467003 0.0
836.0 2289.4946065955405 0.0
837.0 2292.2334177240787 0.0
838.0 2294.9722288526164 1.0
839.0 2297.711039981154 0.0
840.0 2300.449851109692 0.0
841.0 2303.18866223823 0.0
842.0 2305.927473366768 0.0
843.0 2308.6662844953057 0.0
844.0 2311.405095623844 0.0
845.0 2314.1439067523816 0.0
846.0 2316.8827178809197 1.0
847.0 2319.6215290094574 1.0
848.0 2322.360340137995 0.0
849.0 2325.099151266533 0.0
850.0 2327.837962395071 0.0
851.0 2330.576773523609 0.0
852.0 2333.3155846521468 0.0
853.0 2336.054395780685 0.0
854.0 2338.7932069092226 0.0
855.0 2341.5320180377607 0.0
856.0 2344.2708291662984 0.0
857.0 2347.009640294836 0.0
858.0 2349.7484514233743 0.0
859.0 2352.487262551912 0.0
860.0 2355.22607368045 0.0
861.0 2357.964884808988 0.0
862.0 2360.703695937526 0.0
863.0 2363.4425070660636 0.0
864.0 2366.1813181946018 0.0
865.0 2368.9201293231395 0.0
866.0 2371.658940451677 0.0
867.0 2374.3977515802153 0.0
868.0 2377.136562708753 0.0
869.0 2379.875373837291 1.0
870.0 2382.614184965829 0.0
871.0 2385.352996094367 0.0
872.0 2388.0918072229047 0.0
873.0 2390.830618351443 0.0
874.0 2393.5694294799805 0.0
875.0 2396.3082406085186 0.0
876.0 2399.0470517370563 0.0
877.0 2401.785862865594 0.0
878.0 2404.524673994132 0.0
879.0 2407.26348512267 0.0
880.0 2410.002296251208 0.0
881.0 2412.7411073797457 0.0
882.0 2415.479918508284 0.0
883.0 2418.2187296368215 0.0
884.0 2420.9575407653597 0.0
885.0 2423.6963518938974 0.0
886.0 2426.435163022435 0.0
887.0 2429.173974150973 0.0
888.0 2431.912785279511 0.0
889.0 2434.651596408049 0.0
890.0 2437.3904075365867 0.0
891.0 2440.129218665125 0.0
892.0 2442.8680297936626 0.0
893.0 2445.6068409222007 0.0
894.0 2448.3456520507384 0.0
895.0 2451.084463179276 0.0
896.0 2453.8232743078142 0.0
897.0 2456.562085436352 0.0
898.0 2459.30089656489 0.0
899.0 2462.0397076934278 0.0
900.0 2464.778518821966 0.0
901.0 2467.5173299505036 0.0
902.0 2470.2561410790418 0.0
903.0 2472.9949522075794 0.0
904.0 2475.733763336117 0.0
905.0 2478.4725744646553 0.0
906.0 2481.211385593193 0.0
907.0 2483.950196721731 1.0
908.0 2486.689007850269 0.0
909.0 2489.427818978807 0.0
910.0 2492.1666301073446 0.0
911.0 2494.905441235883 0.0
912.0 2497.6442523644205 0.0
913.0 2500.383063492958 0.0
914.0 2503.1218746214963 0.0
915.0 2505.860685750034 0.0
916.0 2508.599496878572 0.0
917.0 2511.33830800711 0.0
918.0 2514.077119135648 0.0
919.0 2516.8159302641857 0.0
920.0 2519.554741392724 0.0
921.0 2522.2935525212615 0.0
922.0 2525.032363649799 0.0
923.0 2527.7711747783374 0.0
924.0 2530.509985906875 0.0
925.0 2533.248797035413 0.0
926.0 2535.987608163951 0.0
927.0 2538.726419292489 0.0
928.0 2541.4652304210267 0.0
929.0 2544.204041549565 0.0
930.0 2546.9428526781026 0.0
931.0 2549.6816638066402 0.0
932.0 2552.4204749351784 0.0
933.0 2555.159286063716 0.0
934.0 2557.898097192254 0.0
935.0 2560.636908320792 0.0
936.0 2563.37571944933 0.0
937.0 2566.1145305778678 0.0
938.0 2568.853341706406 0.0
939.0 2571.5921528349436 0.0
940.0 2574.3309639634817 0.0
941.0 2577.0697750920194 0.0
942.0 2579.808586220557 0.0
943.0 2582.5473973490953 0.0
944.0 2585.286208477633 0.0
945.0 2588.025019606171 0.0
946.0 2590.763830734709 0.0
947.0 2593.502641863247 1.0
948.0 2596.2414529917846 0.0
949.0 2598.9802641203228 0.0
950.0 2601.7190752488605 0.0
951.0 2604.457886377398 0.0
952.0 2607.1966975059363 0.0
953.0 2609.935508634474 0.0
954.0 2612.674319763012 0.0
955.0 2615.41313089155 0.0
956.0 2618.151942020088 0.0
957.0 2620.8907531486257 0.0
958.0 2623.629564277164 0.0
959.0 2626.3683754057015 0.0
960.0 2629.107186534239 0.0
961.0 2631.8459976627773 0.0
962.0 2634.584808791315 0.0
963.0 2637.323619919853 0.0
964.0 2640.062431048391 0.0
965.0 2642.801242176929 0.0
966.0 2645.5400533054667 0.0
967.0 2648.278864434005 0.0
968.0 2651.0176755625425 0.0
969.0 2653.75648669108 0.0
970.0 2656.4952978196184 0.0
971.0 2659.234108948156 0.0
972.0 2661.972920076694 0.0
973.0 2664.711731205232 0.0
974.0 2667.45054233377 0.0
975.0 2670.1893534623077 0.0
976.0 2672.928164590846 0.0
977.0 2675.6669757193836 0.0
978.0 2678.4057868479213 0.0
979.0 2681.1445979764594 0.0
980.0 2683.883409104997 0.0
981.0 2686.6222202335352 0.0
982.0 2689.361031362073 0.0
983.0 2692.099842490611 0.0
984.0 2694.8386536191488 0.0
985.0 2697.577464747687 0.0
986.0 2700.3162758762246 0.0
987.0 2703.0550870047623 0.0
988.0 2705.7938981333004 0.0
989.0 2708.532709261838 0.0
990.0 2711.2715203903763 0.0
991.0 2714.010331518914 0.0
992.0 2716.749142647452 0.0
993.0 2719.48795377599 0.0
994.0 2722.226764904528 0.0
995.0 2724.9655760330656 0.0
996.0 2727.704387161604 0.0
997.0 2730.4431982901415 0.0
998.0 2733.182009418679 0.0
999.0 2735.9208205472173 0.0
1000.0 2738.659631675755 0.0
1001.0 2741.398442804293 0.0
1002.0 2744.137253932831 0.0
1003.0 2746.876065061369 0.0
1004.0 2749.6148761899067 0.0
1005.0 2752.353687318445 0.0
1006.0 2755.0924984469825 0.0
1007.0 2757.83130957552 0.0
1008.0 2760.5701207040584 0.0
1009.0 2763.308931832596 0.0
1010.0 2766.047742961134 0.0
1011.0 2768.786554089672 0.0
1012.0 2771.52536521821 0.0
1013.0 2774.2641763467477 0.0
1014.0 2777.002987475286 0.0
1015.0 2779.7417986038236 0.0
1016.0 2782.4806097323612 0.0
1017.0 2785.2194208608994 0.0
1018.0 2787.958231989437 0.0
1019.0 2790.697043117975 0.0
1020.0 2793.435854246513 0.0
1021.0 2796.174665375051 0.0
1022.0 2798.9134765035888 0.0
1023.0 2801.652287632127 0.0
