0.0 -0.15117286764211035 0.0
1.0 2.585557574258873 0.0
2.0 5.322288016159857 0.0
3.0 8.05901845806084 0.0
4.0 10.795748899961824 0.0
5.0 13.532479341862807 0.0
6.0 16.26920978376379 0.0
7.0 19.005940225664773 0.0
8.0 21.742670667565758 0.0
9.0 24.479401109466743 0.0
10.0 27.216131551367724 0.0
11.0 29.95286199326871 0.0
12.0 32.68959243516969 0.0
13.0 35.426322877070675 0.0
14.0 38.163053318971656 0.0
15.0 40.899783760872644 0.0
16.0 43.636514202773625 0.0
17.0 46.37324464467461 93.0
18.0 49.109975086575595 211.0
19.0 51.846705528476576 211.0
20.0 54.58343597037756 204.0
21.0 57.320166412278546 234.0
22.0 60.05689685417953 208.0
23.0 62.79362729608051 209.0
24.0 65.53035773798149 225.0
25.0 68.26708817988246 212.0
26.0 71.00381862178345 202.0
27.0 73.74054906368444 188.0
28.0 76.47727950558541 221.0
29.0 79.2140099474864 201.0
30.0 81.95074038938739 179.0
31.0 84.68747083128837 198.0
32.0 87.42420127318935 186.0
33.0 90.16093171509034 184.0
34.0 92.89766215699132 204.0
35.0 95.6343925988923 165.0
36.0 98.3711230407933 189.0
37.0 101.10785348269427 177.0
38.0 103.84458392459526 173.0
39.0 106.58131436649624 188.0
40.0 109.31804480839722 155.0
41.0 112.0547752502982 155.0
42.0 114.7915056921992 173.0
43.0 117.52823613410017 174.0
44.0 120.26496657600116 177.0
45.0 123.00169701790215 139.0
46.0 125.73842745980312 159.0
47.0 128.4751579017041 183.0
48.0 131.2118883436051 142.0
49.0 133.94861878550608 140.0
50.0 136.68534922740704 148.0
51.0 139.42207966930803 146.0
52.0 142.15881011120902 132.0
53.0 144.89554055311 135.0
54.0 147.632270995011 135.0
55.0 150.369001436912 141.0
56.0 153.10573187881295 161.0
57.0 155.84246232071393 142.0
58.0 158.57919276261492 143.0
59.0 161.3159232045159 132.0
60.0 164.0526536464169 161.0
61.0 166.7893840883179 137.0
62.0 169.52611453021885 141.0
63.0 172.26284497211984 150.0
64.0 174.99957541402082 132.0
65.0 177.7363058559218 138.0
66.0 180.4730362978228 145.0
67.0 183.20976673972376 145.0
68.0 185.94649718162475 117.0
69.0 188.68322762352574 133.0
70.0 191.41995806542673 132.0
71.0 194.15668850732771 167.0
72.0 196.8934189492287 145.0
73.0 199.63014939112966 185.0
74.0 202.36687983303065 137.0
75.0 205.10361027493164 179.0
76.0 207.84034071683263 157.0
77.0 210.57707115873362 175.0
78.0 213.3138016006346 153.0
79.0 216.05053204253556 165.0
80.0 218.78726248443655 152.0
81.0 221.52399292633754 137.0
82.0 224.26072336823853 138.0
83.0 226.99745381013952 149.0
84.0 229.7341842520405 150.0
85.0 232.47091469394147 137.0
86.0 235.20764513584245 136.0
87.0 237.94437557774344 146.0
88.0 240.68110601964443 124.0
89.0 243.41783646154542 129.0
90.0 246.1545669034464 120.0
91.0 248.89129734534737 119.0
92.0 251.62802778724836 122.0
93.0 254.36475822914934 125.0
94.0 257.10148867105033 137.0
95.0 259.8382191129513 123.0
96.0 262.5749495548523 124.0
97.0 265.3116799967533 117.0
98.0 268.0484104386543 111.0
99.0 270.7851408805552 131.0
100.0 273.5218713224562 123.0
101.0 276.2586017643572 103.0
102.0 278.9953322062582 125.0
103.0 281.7320626481592 124.0
104.0 284.46879309006016 118.0
105.0 287.20552353196115 150.0
106.0 289.94225397386214 139.0
107.0 292.6789844157631 112.0
108.0 295.4157148576641 99.0
109.0 298.1524452995651 102.0
110.0 300.8891757414661 115.0
111.0 303.625906183367 120.0
112.0 306.362636625268 123.0
113.0 309.099367067169 115.0
114.0 311.83609750907 113.0
115.0 314.572827950971 90.0
116.0 317.30955839287196 103.0
117.0 320.04628883477295 106.0
118.0 322.78301927667394 118.0
119.0 325.51974971857493 109.0
120.0 328.2564801604759 82.0
121.0 330.9932106023769 96.0
122.0 333.7299410442779 92.0
123.0 336.4666714861788 99.0
124.0 339.2034019280798 117.0
125.0 341.9401323699808 113.0
126.0 344.6768628118818 109.0
127.0 347.4135932537828 101.0
128.0 350.15032369568377 112.0
129.0 352.88705413758476 103.0
130.0 355.62378457948574 110.0
131.0 358.36051502138673 106.0
132.0 361.0972454632877 109.0
133.0 363.8339759051887 119.0
134.0 366.57070634708964 101.0
135.0 369.30743678899063 100.0
136.0 372.0441672308916 117.0
137.0 374.7808976727926 100.0
138.0 377.5176281146936 94.0
139.0 380.2543585565946 95.0
140.0 382.99108899849557 92.0
141.0 385.72781944039656 110.0
142.0 388.46454988229755 114.0
143.0 391.20128032419854 113.0
144.0 393.9380107660995 91.0
145.0 396.6747412080005 114.0
146.0 399.41147164990144 95.0
147.0 402.14820209180243 102.0
148.0 404.8849325337034 112.0
149.0 407.6216629756044 116.0
150.0 410.3583934175054 93.0
151.0 413.0951238594064 99.0
152.0 415.8318543013074 89.0
153.0 418.56858474320836 99.0
154.0 421.30531518510935 116.0
155.0 424.04204562701034 105.0
156.0 426.7787760689113 95.0
157.0 429.5155065108123 101.0
158.0 432.25223695271325 112.0
159.0 434.98896739461424 89.0
160.0 437.7256978365152 105.0
161.0 440.4624282784162 100.0
162.0 443.1991587203172 104.0
163.0 445.9358891622182 84.0
164.0 448.6726196041192 104.0
165.0 451.40935004602017 74.0
166.0 454.14608048792115 90.0
167.0 456.88281092982214 87.0
168.0 459.61954137172313 91.0
169.0 462.35627181362406 102.0
170.0 465.09300225552505 98.0
171.0 467.82973269742604 91.0
172.0 470.566463139327 84.0
173.0 473.303193581228 106.0
174.0 476.039924023129 103.0
175.0 478.77665446503 101.0
176.0 481.513384906931 96.0
177.0 484.25011534883197 87.0
178.0 486.98684579073296 105.0
179.0 489.72357623263395 98.0
180.0 492.46030667453493 100.0
181.0 495.19703711643587 100.0
182.0 497.93376755833685 85.0
183.0 500.67049800023784 105.0
184.0 503.40722844213883 87.0
185.0 506.1439588840398 87.0
186.0 508.8806893259408 86.0
187.0 511.6174197678418 93.0
188.0 514.3541502097428 68.0
189.0 517.0908806516437 95.0
190.0 519.8276110935448 99.0
191.0 522.5643415354457 85.0
192.0 525.3010719773467 85.0
193.0 528.0378024192477 106.0
194.0 530.7745328611487 96.0
195.0 533.5112633030496 106.0
196.0 536.2479937449507 90.0
197.0 538.9847241868516 96.0
198.0 541.7214546287526 105.0
199.0 544.4581850706536 90.0
200.0 547.1949155125545 101.0
201.0 549.9316459544556 92.0
202.0 552.6683763963565 82.0
203.0 555.4051068382576 86.0
204.0 558.1418372801585 102.0
205.0 560.8785677220595 91.0
206.0 563.6152981639605 93.0
207.0 566.3520286058615 98.0
208.0 569.0887590477624 76.0
209.0 571.8254894896635 87.0
210.0 574.5622199315644 89.0
211.0 577.2989503734653 86.0
212.0 580.0356808153664 78.0
213.0 582.7724112572673 105.0
214.0 585.5091416991684 109.0
215.0 588.2458721410693 87.0
216.0 590.9826025829703 98.0
217.0 593.7193330248713 96.0
218.0 596.4560634667723 90.0
219.0 599.1927939086733 101.0
220.0 601.9295243505743 115.0
221.0 604.6662547924752 93.0
222.0 607.4029852343762 81.0
223.0 610.1397156762772 87.0
224.0 612.8764461181781 100.0
225.0 615.6131765600792 97.0
226.0 618.3499070019801 100.0
227.0 621.0866374438812 79.0
228.0 623.8233678857821 96.0
229.0 626.5600983276831 88.0
230.0 629.2968287695841 95.0
231.0 632.0335592114851 85.0
232.0 634.770289653386 106.0
233.0 637.507020095287 91.0
234.0 640.243750537188 126.0
235.0 642.980480979089 101.0
236.0 645.71721142099 97.0
237.0 648.4539418628909 94.0
238.0 651.190672304792 81.0
239.0 653.9274027466929 94.0
240.0 656.664133188594 103.0
241.0 659.4008636304949 99.0
242.0 662.1375940723959 99.0
243.0 664.8743245142969 90.0
244.0 667.6110549561979 95.0
245.0 670.3477853980988 92.0
246.0 673.0845158399998 100.0
247.0 675.8212462819008 100.0
248.0 678.5579767238017 88.0
249.0 681.2947071657028 96.0
250.0 684.0314376076037 83.0
251.0 686.7681680495048 99.0
252.0 689.5048984914057 86.0
253.0 692.2416289333067 83.0
254.0 694.9783593752077 100.0
255.0 697.7150898171087 86.0
256.0 700.4518202590097 100.0
257.0 703.1885507009106 113.0
258.0 705.9252811428116 110.0
259.0 708.6620115847126 90.0
260.0 711.3987420266136 94.0
261.0 714.1354724685145 112.0
262.0 716.8722029104156 107.0
263.0 719.6089333523165 89.0
264.0 722.3456637942176 105.0
265.0 725.0823942361185 97.0
266.0 727.8191246780195 97.0
267.0 730.5558551199205 102.0
268.0 733.2925855618214 113.0
269.0 736.0293160037224 102.0
270.0 738.7660464456234 110.0
271.0 741.5027768875244 102.0
272.0 744.2395073294254 77.0
273.0 746.9762377713264 92.0
274.0 749.7129682132273 103.0
275.0 752.4496986551284 97.0
276.0 755.1864290970293 101.0
277.0 757.9231595389303 116.0
278.0 760.6598899808313 99.0
279.0 763.3966204227323 121.0
280.0 766.1333508646333 116.0
281.0 768.8700813065342 107.0
282.0 771.6068117484352 106.0
283.0 774.3435421903362 119.0
284.0 777.0802726322372 103.0
285.0 779.8170030741381 112.0
286.0 782.5537335160392 115.0
287.0 785.2904639579401 129.0
288.0 788.0271943998412 113.0
289.0 790.7639248417421 118.0
290.0 793.5006552836431 113.0
291.0 796.2373857255441 109.0
292.0 798.974116167445 110.0
293.0 801.710846609346 110.0
294.0 804.447577051247 101.0
295.0 807.184307493148 107.0
296.0 809.921037935049 130.0
297.0 812.65776837695 119.0
298.0 815.3944988188509 108.0
299.0 818.131229260752 123.0
300.0 820.8679597026529 136.0
301.0 823.604690144554 111.0
302.0 826.3414205864549 143.0
303.0 829.0781510283558 109.0
304.0 831.8148814702569 103.0
305.0 834.5516119121578 111.0
306.0 837.2883423540588 127.0
307.0 840.0250727959598 126.0
308.0 842.7618032378608 126.0
309.0 845.4985336797617 123.0
310.0 848.2352641216628 126.0
311.0 850.9719945635637 150.0
312.0 853.7087250054648 124.0
313.0 856.4454554473657 127.0
314.0 859.1821858892667 121.0
315.0 861.9189163311677 130.0
316.0 864.6556467730686 128.0
317.0 867.3923772149697 122.0
318.0 870.1291076568706 145.0
319.0 872.8658380987716 118.0
320.0 875.6025685406726 128.0
321.0 878.3392989825736 136.0
322.0 881.0760294244745 144.0
323.0 883.8127598663756 124.0
324.0 886.5494903082765 140.0
325.0 889.2862207501776 137.0
326.0 892.0229511920785 160.0
327.0 894.7596816339794 125.0
328.0 897.4964120758805 154.0
329.0 900.2331425177814 151.0
330.0 902.9698729596824 142.0
331.0 905.7066034015834 159.0
332.0 908.4433338434844 146.0
333.0 911.1800642853854 145.0
334.0 913.9167947272864 166.0
335.0 916.6535251691873 144.0
336.0 919.3902556110884 144.0
337.0 922.1269860529893 166.0
338.0 924.8637164948902 138.0
339.0 927.6004469367913 181.0
340.0 930.3371773786922 191.0
341.0 933.0739078205933 177.0
342.0 935.8106382624942 144.0
343.0 938.5473687043952 174.0
344.0 941.2840991462962 177.0
345.0 944.0208295881972 155.0
346.0 946.7575600300981 107.0
347.0 949.4942904719992 129.0
348.0 952.2310209139001 102.0
349.0 954.9677513558012 77.0
350.0 957.7044817977021 100.0
351.0 960.441212239603 113.0
352.0 963.1779426815041 98.0
353.0 965.914673123405 97.0
354.0 968.651403565306 106.0
355.0 971.388134007207 99.0
356.0 974.124864449108 104.0
357.0 976.861594891009 92.0
358.0 979.59832533291 101.0
359.0 982.3350557748109 84.0
360.0 985.071786216712 111.0
361.0 987.8085166586129 97.0
362.0 990.5452471005138 95.0
363.0 993.2819775424149 91.0
364.0 996.0187079843158 100.0
365.0 998.7554384262169 92.0
366.0 1001.4921688681178 95.0
367.0 1004.2288993100188 98.0
368.0 1006.9656297519198 104.0
369.0 1009.7023601938208 75.0
370.0 1012.4390906357218 99.0
371.0 1015.1758210776228 104.0
372.0 1017.9125515195237 86.0
373.0 1020.6492819614247 78.0
374.0 1023.3860124033257 87.0
375.0 1026.1227428452266 104.0
376.0 1028.8594732871277 81.0
377.0 1031.5962037290287 80.0
378.0 1034.3329341709295 77.0
379.0 1037.0696646128306 98.0
380.0 1039.8063950547316 103.0
381.0 1042.5431254966327 89.0
382.0 1045.2798559385335 81.0
383.0 1048.0165863804345 93.0
384.0 1050.7533168223356 90.0
385.0 1053.4900472642364 85.0
386.0 1056.2267777061375 101.0
387.0 1058.9635081480385 86.0
388.0 1061.7002385899395 69.0
389.0 1064.4369690318404 88.0
390.0 1067.1736994737414 97.0
391.0 1069.9104299156425 98.0
392.0 1072.6471603575435 87.0
393.0 1075.3838907994443 95.0
394.0 1078.1206212413454 107.0
395.0 1080.8573516832464 104.0
396.0 1083.5940821251472 81.0
397.0 1086.3308125670483 86.0
398.0 1089.0675430089493 112.0
399.0 1091.8042734508504 101.0
400.0 1094.5410038927512 111.0
401.0 1097.2777343346522 116.0
402.0 1100.0144647765533 88.0
403.0 1102.7511952184543 81.0
404.0 1105.4879256603551 67.0
405.0 1108.2246561022562 69.0
406.0 1110.9613865441572 51.0
407.0 1113.6981169860583 40.0
408.0 1116.434847427959 53.0
409.0 1119.1715778698601 45.0
410.0 1121.9083083117612 35.0
411.0 1124.645038753662 45.0
412.0 1127.381769195563 44.0
413.0 1130.118499637464 48.0
414.0 1132.8552300793651 40.0
415.0 1135.591960521266 40.0
416.0 1138.328690963167 23.0
417.0 1141.065421405068 36.0
418.0 1143.802151846969 35.0
419.0 1146.53888228887 35.0
420.0 1149.275612730771 33.0
421.0 1152.012343172672 26.0
422.0 1154.7490736145728 57.0
423.0 1157.4858040564739 604.0
424.0 1160.222534498375 740.0
425.0 1162.959264940276 30.0
426.0 1165.6959953821768 23.0
427.0 1168.4327258240778 29.0
428.0 1171.1694562659789 20.0
429.0 1173.90618670788 23.0
430.0 1176.6429171497807 24.0
431.0 1179.3796475916818 19.0
432.0 1182.1163780335828 19.0
433.0 1184.8531084754836 16.0
434.0 1187.5898389173847 19.0
435.0 1190.3265693592857 16.0
436.0 1193.0632998011868 8.0
437.0 1195.8000302430876 2.0
438.0 1198.5367606849886 8.0
439.0 1201.2734911268897 10.0
440.0 1204.0102215687907 12.0
441.0 1206.7469520106915 7.0
442.0 1209.4836824525926 8.0
443.0 1212.2204128944936 4.0
444.0 1214.9571433363944 5.0
445.0 1217.6938737782955 6.0
446.0 1220.4306042201965 5.0
447.0 1223.1673346620976 5.0
448.0 1225.9040651039984 7.0
449.0 1228.6407955458994 2.0
450.0 1231.3775259878005 4.0
451.0 1234.1142564297015 4.0
452.0 1236.8509868716023 0.0
453.0 1239.5877173135034 4.0
454.0 1242.3244477554044 1.0
455.0 1245.0611781973053 3.0
456.0 1247.7979086392063 3.0
457.0 1250.5346390811073 0.0
458.0 1253.2713695230084 2.0
459.0 1256.0080999649092 5.0
460.0 1258.7448304068103 1.0
461.0 1261.4815608487113 3.0
462.0 1264.2182912906123 2.0
463.0 1266.9550217325132 3.0
464.0 1269.6917521744142 3.0
465.0 1272.4284826163153 3.0
466.0 1275.165213058216 3.0
467.0 1277.901943500117 5.0
468.0 1280.6386739420182 4.0
469.0 1283.3754043839192 3.0
470.0 1286.11213482582 5.0
471.0 1288.848865267721 5.0
472.0 1291.585595709622 6.0
473.0 1294.3223261515232 4.0
474.0 1297.059056593424 3.0
475.0 1299.795787035325 2.0
476.0 1302.532517477226 9.0
477.0 1305.269247919127 1.0
478.0 1308.005978361028 3.0
479.0 1310.742708802929 9.0
480.0 1313.47943924483 290.0
481.0 1316.2161696867308 797.0
482.0 1318.9529001286319 50.0
483.0 1321.689630570533 1.0
484.0 1324.426361012434 1.0
485.0 1327.1630914543348 0.0
486.0 1329.8998218962358 3.0
487.0 1332.6365523381369 0.0
488.0 1335.373282780038 2.0
489.0 1338.1100132219387 0.0
490.0 1340.8467436638398 1.0
491.0 1343.5834741057408 2.0
492.0 1346.3202045476417 1.0
493.0 1349.0569349895427 0.0
494.0 1351.7936654314437 0.0
495.0 1354.5303958733448 1.0
496.0 1357.2671263152456 1.0
497.0 1360.0038567571467 0.0
498.0 1362.7405871990477 3.0
499.0 1365.4773176409487 0.0
500.0 1368.2140480828496 0.0
501.0 1370.9507785247506 2.0
502.0 1373.6875089666516 1.0
503.0 1376.4242394085525 0.0
504.0 1379.1609698504535 5.0
505.0 1381.8977002923546 0.0
506.0 1384.6344307342556 2.0
507.0 1387.3711611761564 1.0
508.0 1390.1078916180575 1.0
509.0 1392.8446220599585 1.0
510.0 1395.5813525018596 0.0
511.0 1398.3180829437604 0.0
512.0 1401.0548133856614 1.0
513.0 1403.7915438275625 4.0
514.0 1406.5282742694633 0.0
515.0 1409.2650047113643 1.0
516.0 1412.0017351532654 1.0
517.0 1414.7384655951664 1.0
518.0 1417.4751960370672 1.0
519.0 1420.2119264789683 0.0
520.0 1422.9486569208693 1.0
521.0 1425.6853873627704 0.0
522.0 1428.4221178046712 0.0
523.0 1431.1588482465722 1.0
524.0 1433.8955786884733 1.0
525.0 1436.632309130374 1.0
526.0 1439.3690395722751 4.0
527.0 1442.1057700141762 2.0
528.0 1444.8425004560772 3.0
529.0 1447.579230897978 0.0
530.0 1450.315961339879 0.0
531.0 1453.0526917817801 2.0
532.0 1455.7894222236812 1.0
533.0 1458.526152665582 2.0
534.0 1461.262883107483 0.0
535.0 1463.999613549384 1.0
536.0 1466.736343991285 0.0
537.0 1469.473074433186 0.0
538.0 1472.209804875087 0.0
539.0 1474.946535316988 1.0
540.0 1477.6832657588889 0.0
541.0 1480.41999620079 1.0
542.0 1483.156726642691 0.0
543.0 1485.893457084592 0.0
544.0 1488.6301875264928 0.0
545.0 1491.3669179683939 0.0
546.0 1494.103648410295 1.0
547.0 1496.8403788521957 2.0
548.0 1499.5771092940968 0.0
549.0 1502.3138397359978 2.0
550.0 1505.0505701778989 1.0
551.0 1507.7873006197997 0.0
552.0 1510.5240310617007 1.0
553.0 1513.2607615036018 3.0
554.0 1515.9974919455028 1.0
555.0 1518.7342223874036 1.0
556.0 1521.4709528293047 2.0
557.0 1524.2076832712057 0.0
558.0 1526.9444137131068 0.0
559.0 1529.6811441550076 1.0
560.0 1532.4178745969086 3.0
561.0 1535.1546050388097 0.0
562.0 1537.8913354807105 1.0
563.0 1540.6280659226115 1.0
564.0 1543.3647963645126 0.0
565.0 1546.1015268064136 0.0
566.0 1548.8382572483144 0.0
567.0 1551.5749876902155 0.0
568.0 1554.3117181321165 0.0
569.0 1557.0484485740176 0.0
570.0 1559.7851790159184 2.0
571.0 1562.5219094578194 0.0
572.0 1565.2586398997205 0.0
573.0 1567.9953703416213 0.0
574.0 1570.7321007835224 2.0
575.0 1573.4688312254234 0.0
576.0 1576.2055616673244 0.0
577.0 1578.9422921092253 1.0
578.0 1581.6790225511263 1.0
579.0 1584.4157529930274 0.0
580.0 1587.1524834349284 1.0
581.0 1589.8892138768292 1.0
582.0 1592.6259443187303 2.0
583.0 1595.3626747606313 2.0
584.0 1598.0994052025321 1.0
585.0 1600.8361356444332 0.0
586.0 1603.5728660863342 0.0
587.0 1606.3095965282353 1.0
588.0 1609.046326970136 0.0
589.0 1611.7830574120371 0.0
590.0 1614.5197878539382 0.0
591.0 1617.2565182958392 0.0
592.0 1619.99324873774 0.0
593.0 1622.729979179641 0.0
594.0 1625.4667096215421 0.0
595.0 1628.203440063443 0.0
596.0 1630.940170505344 1.0
597.0 1633.676900947245 0.0
598.0 1636.413631389146 0.0
599.0 1639.150361831047 1.0
600.0 1641.887092272948 0.0
601.0 1644.623822714849 0.0
602.0 1647.36055315675 0.0
603.0 1650.0972835986508 1.0
604.0 1652.834014040552 0.0
605.0 1655.570744482453 1.0
606.0 1658.3074749243538 2.0
607.0 1661.0442053662548 0.0
608.0 1663.7809358081558 1.0
609.0 1666.517666250057 0.0
610.0 1669.2543966919577 0.0
611.0 1671.9911271338588 2.0
612.0 1674.7278575757598 1.0
613.0 1677.4645880176608 0.0
614.0 1680.2013184595617 0.0
615.0 1682.9380489014627 1.0
616.0 1685.6747793433638 0.0
617.0 1688.4115097852646 1.0
618.0 1691.1482402271656 0.0
619.0 1693.8849706690667 0.0
620.0 1696.6217011109677 0.0
621.0 1699.3584315528685 0.0
622.0 1702.0951619947696 0.0
623.0 1704.8318924366706 2.0
624.0 1707.5686228785717 0.0
625.0 1710.3053533204725 1.0
626.0 1713.0420837623735 0.0
627.0 1715.7788142042746 0.0
628.0 1718.5155446461756 0.0
629.0 1721.2522750880764 1.0
630.0 1723.9890055299775 0.0
631.0 1726.7257359718785 1.0
632.0 1729.4624664137793 0.0
633.0 1732.1991968556804 1.0
634.0 1734.9359272975814 1.0
635.0 1737.6726577394825 1.0
636.0 1740.4093881813833 0.0
637.0 1743.1461186232843 0.0
638.0 1745.8828490651854 0.0
639.0 1748.6195795070864 1.0
640.0 1751.3563099489872 0.0
641.0 1754.0930403908883 1.0
642.0 1756.8297708327893 0.0
643.0 1759.5665012746902 0.0
644.0 1762.3032317165912 1.0
645.0 1765.0399621584922 1.0
646.0 1767.7766926003933 2.0
647.0 1770.513423042294 0.0
648.0 1773.2501534841952 0.0
649.0 1775.9868839260962 2.0
650.0 1778.7236143679972 1.0
651.0 1781.460344809898 0.0
652.0 1784.197075251799 0.0
653.0 1786.9338056937002 0.0
654.0 1789.670536135601 2.0
655.0 1792.407266577502 0.0
656.0 1795.143997019403 0.0
657.0 1797.880727461304 1.0
658.0 1800.617457903205 1.0
659.0 1803.354188345106 1.0
660.0 1806.090918787007 0.0
661.0 1808.827649228908 0.0
662.0 1811.5643796708089 0.0
663.0 1814.30111011271 0.0
664.0 1817.037840554611 1.0
665.0 1819.7745709965118 0.0
666.0 1822.5113014384128 0.0
667.0 1825.2480318803139 0.0
668.0 1827.984762322215 0.0
669.0 1830.7214927641157 0.0
670.0 1833.4582232060168 0.0
671.0 1836.1949536479178 0.0
672.0 1838.9316840898189 0.0
673.0 1841.6684145317197 0.0
674.0 1844.4051449736207 1.0
675.0 1847.1418754155218 0.0
676.0 1849.8786058574226 0.0
677.0 1852.6153362993236 1.0
678.0 1855.3520667412247 1.0
679.0 1858.0887971831257 1.0
680.0 1860.8255276250266 0.0
681.0 1863.5622580669276 0.0
682.0 1866.2989885088286 0.0
683.0 1869.0357189507297 0.0
684.0 1871.7724493926305 1.0
685.0 1874.5091798345316 0.0
686.0 1877.2459102764326 0.0
687.0 1879.9826407183334 0.0
688.0 1882.7193711602345 1.0
689.0 1885.4561016021355 2.0
690.0 1888.1928320440365 0.0
691.0 1890.9295624859374 0.0
692.0 1893.6662929278384 2.0
693.0 1896.4030233697395 2.0
694.0 1899.1397538116405 0.0
695.0 1901.8764842535413 2.0
696.0 1904.6132146954424 3.0
697.0 1907.3499451373434 0.0
698.0 1910.0866755792445 2.0
699.0 1912.8234060211453 0.0
700.0 1915.5601364630463 0.0
701.0 1918.2968669049474 1.0
702.0 1921.0335973468482 1.0
703.0 1923.7703277887492 0.0
704.0 1926.5070582306503 0.0
705.0 1929.2437886725513 0.0
706.0 1931.9805191144521 1.0
707.0 1934.7172495563532 0.0
708.0 1937.4539799982542 0.0
709.0 1940.1907104401553 0.0
710.0 1942.927440882056 0.0
711.0 1945.6641713239571 0.0
712.0 1948.4009017658582 0.0
713.0 1951.137632207759 1.0
714.0 1953.87436264966 0.0
715.0 1956.611093091561 0.0
716.0 1959.3478235334621 0.0
717.0 1962.084553975363 1.0
718.0 1964.821284417264 1.0
719.0 1967.558014859165 2.0
720.0 1970.294745301066 0.0
721.0 1973.031475742967 0.0
722.0 1975.768206184868 0.0
723.0 1978.504936626769 2.0
724.0 1981.2416670686698 0.0
725.0 1983.9783975105709 0.0
726.0 1986.715127952472 0.0
727.0 1989.451858394373 0.0
728.0 1992.1885888362738 3.0
729.0 1994.9253192781748 0.0
730.0 1997.6620497200759 1.0
731.0 2000.398780161977 0.0
732.0 2003.1355106038777 0.0
733.0 2005.8722410457788 0.0
734.0 2008.6089714876798 0.0
735.0 2011.3457019295806 0.0
736.0 2014.0824323714817 0.0
737.0 2016.8191628133827 0.0
738.0 2019.5558932552838 2.0
739.0 2022.2926236971846 1.0
740.0 2025.0293541390856 0.0
741.0 2027.7660845809867 1.0
742.0 2030.5028150228877 0.0
743.0 2033.2395454647885 0.0
744.0 2035.9762759066896 0.0
745.0 2038.7130063485906 0.0
746.0 2041.4497367904914 0.0
747.0 2044.1864672323925 1.0
748.0 2046.9231976742935 0.0
749.0 2049.659928116195 1.0
750.0 2052.3966585580956 0.0
751.0 2055.133388999997 0.0
752.0 2057.8701194418977 0.0
753.0 2060.6068498837985 0.0
754.0 2063.3435803257 0.0
755.0 2066.0803107676006 0.0
756.0 2068.8170412095014 0.0
757.0 2071.5537716514027 0.0
758.0 2074.2905020933035 1.0
759.0 2077.0272325352043 0.0
760.0 2079.7639629771056 0.0
761.0 2082.5006934190064 1.0
762.0 2085.2374238609077 0.0
763.0 2087.9741543028085 0.0
764.0 2090.7108847447093 0.0
765.0 2093.4476151866106 0.0
766.0 2096.1843456285114 0.0
767.0 2098.9210760704123 0.0
768.0 2101.6578065123135 0.0
769.0 2104.3945369542143 1.0
770.0 2107.131267396115 0.0
771.0 2109.8679978380164 0.0
772.0 2112.6047282799173 1.0
773.0 2115.3414587218185 0.0
774.0 2118.0781891637193 0.0
775.0 2120.81491960562 0.0
776.0 2123.5516500475214 1.0
777.0 2126.2883804894223 0.0
778.0 2129.025110931323 0.0
779.0 2131.7618413732243 1.0
780.0 2134.498571815125 0.0
781.0 2137.235302257026 0.0
782.0 2139.9720326989273 0.0
783.0 2142.708763140828 0.0
784.0 2145.4454935827293 0.0
785.0 2148.18222402463 0.0
786.0 2150.918954466531 0.0
787.0 2153.6556849084322 1.0
788.0 2156.392415350333 0.0
789.0 2159.129145792234 0.0
790.0 2161.865876234135 0.0
791.0 2164.602606676036 0.0
792.0 2167.339337117937 0.0
793.0 2170.076067559838 0.0
794.0 2172.812798001739 0.0
795.0 2175.54952844364 0.0
796.0 2178.286258885541 0.0
797.0 2181.022989327442 0.0
798.0 2183.759719769343 0.0
799.0 2186.496450211244 0.0
800.0 2189.2331806531447 0.0
801.0 2191.969911095046 0.0
802.0 2194.706641536947 0.0
803.0 2197.4433719788476 0.0
804.0 2200.180102420749 0.0
805.0 2202.9168328626497 0.0
806.0 2205.653563304551 0.0
807.0 2208.390293746452 0.0
808.0 2211.1270241883526 0.0
809.0 2213.863754630254 0.0
810.0 2216.6004850721547 1.0
811.0 2219.3372155140555 1.0
812.0 2222.073945955957 0.0
813.0 2224.8106763978576 0.0
814.0 2227.547406839759 0.0
815.0 2230.2841372816597 0.0
816.0 2233.0208677235605 0.0
817.0 2235.757598165462 1.0
818.0 2238.4943286073626 0.0
819.0 2241.2310590492634 0.0
820.0 2243.9677894911647 0.0
821.0 2246.7045199330655 1.0
822.0 2249.4412503749663 0.0
823.0 2252.1779808168676 0.0
824.0 2254.9147112587684 0.0
825.0 2257.6514417006697 1.0
826.0 2260.3881721425705 1.0
827.0 2263.1249025844713 0.0
828.0 2265.8616330263726 0.0
829.0 2268.5983634682734 0.0
830.0 2271.3350939101742 1.0
831.0 2274.0718243520755 0.0
832.0 2276.8085547939763 0.0
833.0 2279.545285235877 0.0
834.0 2282.2820156777784 0.0
835.0 2285.0187461196792 0.0
836.0 2287.7554765615805 0.0
837.0 2290.4922070034813 0.0
838.0 2293.228937445382 0.0
839.0 2295.9656678872834 0.0
840.0 2298.7023983291842 0.0
841.0 2301.439128771085 0.0
842.0 2304.1758592129863 0.0
843.0 2306.912589654887 0.0
844.0 2309.649320096788 0.0
845.0 2312.3860505386892 0.0
846.0 2315.12278098059 0.0
847.0 2317.8595114224913 0.0
848.0 2320.596241864392 0.0
849.0 2323.332972306293 0.0
850.0 2326.0697027481942 0.0
851.0 2328.806433190095 0.0
852.0 2331.543163631996 0.0
853.0 2334.279894073897 1.0
854.0 2337.016624515798 0.0
855.0 2339.753354957699 0.0
856.0 2342.4900853996 0.0
857.0 2345.226815841501 0.0
858.0 2347.963546283402 0.0
859.0 2350.700276725303 0.0
860.0 2353.437007167204 0.0
861.0 2356.173737609105 0.0
862.0 2358.910468051006 0.0
863.0 2361.6471984929067 0.0
864.0 2364.383928934808 0.0
865.0 2367.1206593767088 0.0
866.0 2369.8573898186096 1.0
867.0 2372.594120260511 1.0
868.0 2375.3308507024117 0.0
869.0 2378.067581144313 0.0
870.0 2380.8043115862138 0.0
871.0 2383.5410420281146 0.0
872.0 2386.277772470016 0.0
873.0 2389.0145029119167 0.0
874.0 2391.7512333538175 0.0
875.0 2394.4879637957188 0.0
876.0 2397.2246942376196 0.0
877.0 2399.9614246795204 0.0
878.0 2402.6981551214217 0.0
879.0 2405.4348855633225 0.0
880.0 2408.1716160052238 0.0
881.0 2410.9083464471246 0.0
882.0 2413.6450768890254 0.0
883.0 2416.3818073309267 0.0
884.0 2419.1185377728275 0.0
885.0 2421.8552682147283 0.0
886.0 2424.5919986566296 0.0
887.0 2427.3287290985304 0.0
888.0 2430.065459540431 0.0
889.0 2432.8021899823325 0.0
890.0 2435.5389204242333 0.0
891.0 2438.2756508661346 0.0
892.0 2441.0123813080354 0.0
893.0 2443.749111749936 0.0
894.0 2446.4858421918375 0.0
895.0 2449.2225726337383 0.0
896.0 2451.959303075639 0.0
897.0 2454.6960335175404 0.0
898.0 2457.432763959441 0.0
899.0 2460.169494401342 0.0
900.0 2462.9062248432433 0.0
901.0 2465.642955285144 0.0
902.0 2468.3796857270454 0.0
903.0 2471.116416168946 0.0
904.0 2473.853146610847 0.0
905.0 2476.5898770527483 0.0
906.0 2479.326607494649 0.0
907.0 2482.06333793655 0.0
908.0 2484.800068378451 0.0
909.0 2487.536798820352 0.0
910.0 2490.273529262253 0.0
911.0 2493.010259704154 0.0
912.0 2495.746990146055 0.0
913.0 2498.483720587956 0.0
914.0 2501.220451029857 0.0
915.0 2503.957181471758 0.0
916.0 2506.693911913659 0.0
917.0 2509.43064235556 0.0
918.0 2512.1673727974608 0.0
919.0 2514.904103239362 0.0
920.0 2517.640833681263 0.0
921.0 2520.3775641231637 0.0
922.0 2523.114294565065 0.0
923.0 2525.8510250069658 0.0
924.0 2528.587755448867 0.0
925.0 2531.324485890768 0.0
926.0 2534.0612163326687 0.0
927.0 2536.79794677457 0.0
928.0 2539.5346772164708 0.0
929.0 2542.2714076583716 0.0
930.0 2545.008138100273 0.0
931.0 2547.7448685421737 0.0
932.0 2550.4815989840745 0.0
933.0 2553.2183294259758 0.0
934.0 2555.9550598678766 0.0
935.0 2558.691790309778 0.0
936.0 2561.4285207516787 0.0
937.0 2564.1652511935795 0.0
938.0 2566.9019816354808 0.0
939.0 2569.6387120773816 0.0
940.0 2572.3754425192824 0.0
941.0 2575.1121729611837 0.0
942.0 2577.8489034030845 0.0
943.0 2580.5856338449853 0.0
944.0 2583.3223642868866 0.0
945.0 2586.0590947287874 0.0
946.0 2588.7958251706887 0.0
947.0 2591.5325556125895 0.0
948.0 2594.2692860544903 0.0
949.0 2597.0060164963916 0.0
950.0 2599.7427469382924 0.0
951.0 2602.479477380193 0.0
952.0 2605.2162078220945 0.0
953.0 2607.9529382639953 1.0
954.0 2610.6896687058966 0.0
955.0 2613.4263991477974 0.0
956.0 2616.163129589698 0.0
957.0 2618.8998600315995 0.0
958.0 2621.6365904735003 0.0
959.0 2624.373320915401 0.0
960.0 2627.1100513573024 0.0
961.0 2629.846781799203 0.0
962.0 2632.583512241104 0.0
963.0 2635.3202426830053 0.0
964.0 2638.056973124906 0.0
965.0 2640.7937035668074 0.0
966.0 2643.530434008708 0.0
967.0 2646.267164450609 0.0
968.0 2649.0038948925103 0.0
969.0 2651.740625334411 0.0
970.0 2654.477355776312 0.0
971.0 2657.214086218213 0.0
972.0 2659.950816660114 0.0
973.0 2662.687547102015 0.0
974.0 2665.424277543916 0.0
975.0 2668.161007985817 0.0
976.0 2670.897738427718 0.0
977.0 2673.634468869619 0.0
978.0 2676.37119931152 0.0
979.0 2679.107929753421 0.0
980.0 2681.844660195322 0.0
981.0 2684.5813906372227 0.0
982.0 2687.318121079124 0.0
983.0 2690.054851521025 0.0
984.0 2692.7915819629256 0.0
985.0 2695.528312404827 0.0
986.0 2698.2650428467277 0.0
987.0 2701.001773288629 0.0
988.0 2703.73850373053 0.0
989.0 2706.4752341724306 0.0
990.0 2709.211964614332 0.0
991.0 2711.9486950562327 0.0
992.0 2714.6854254981336 0.0
993.0 2717.422155940035 0.0
994.0 2720.1588863819356 0.0
995.0 2722.8956168238365 0.0
996.0 2725.6323472657377 0.0
997.0 2728.3690777076386 0.0
998.0 2731.10580814954 0.0
999.0 2733.8425385914406 0.0
1000.0 2736.5792690333415 0.0
1001.0 2739.3159994752427 0.0
1002.0 2742.0527299171436 0.0
1003.0 2744.7894603590444 0.0
1004.0 2747.5261908009456 0.0
1005.0 2750.2629212428465 0.0
1006.0 2752.9996516847473 0.0
1007.0 2755.7363821266486 0.0
1008.0 2758.4731125685494 0.0
1009.0 2761.2098430104506 0.0
1010.0 2763.9465734523515 0.0
1011.0 2766.6833038942523 0.0
1012.0 2769.4200343361535 0.0
1013.0 2772.1567647780544 0.0
1014.0 2774.893495219955 0.0
1015.0 2777.6302256618565 0.0
1016.0 2780.3669561037573 0.0
1017.0 2783.103686545658 0.0
1018.0 2785.8404169875594 0.0
1019.0 2788.57714742946 0.0
1020.0 2791.3138778713615 0.0
1021.0 2794.0506083132623 0.0
1022.0 2796.787338755163 0.0
1023.0 2799.5240691970644 0.0
